Ativo	Último	Hora	Variação	Máximo	Mínimo	Fechamento Anterior	Abertura	Of. Compra	Of. Venda	Negócios	QUL	Média	VOV	VOC	Quantidade	Candle	Volume	Ajuste	Aj. Anterior	Cont. Abertos	Preço Teórico	Qtd. Teórica	Estado Atual	Volume Projetado	Semana	Mês	Ano	12 meses	Nome do Ativo	Variação(pts)	Validade	Trimestre	Semestre	3 meses	6 meses	Saldo Teórico	Strike	(%) Var. Teórica	(pts) Var. Teórica	Notícia	
Alimentos Processados
BRFS3	18,58	17:08:00	2,36914600550964	18,66	18,12	18,15	18,50	18,57	18,63	18528	500	18,430418434326	2.000	5.000	7.236.500		133371723	0	0	0	0	0	Pré-Fechamento	133371723	-0,800854244527507	1,08813928182807	-47,2159090909091	-48,6030428769018	Brf Sa ON NM	0,43		0,378173960021592	-9,36585365853659	-12,5647058823529	-1,79704016913321	3000	0,00	0	0,00	3	
JBSS3	22,36	17:07:00	0,993676603432696	22,77	22,07	22,14	22,35	22,33	22,34	60025	500	22,3315197820044	1.200	21.000	21.982.100		490893701	0	0	0	0	0	Pré-Fechamento	490893701	-3,62068965517241	8,17610062893081	-11,3293069330489	-21,222391724828	Jbs ON NM	0,22		9,01999024865918	7,03685974150311	-1,32391879964696	7,15227027674614	19800	0,00	0	0,00	3	
SMTO3	22,61	17:07:00	1,07286544479213	22,70	22,25	22,37	22,43	22,57	22,62	3919	300	22,5553066706462	2.000	2.000	670.100		15114311	0	0	0	0	0	Pré-Fechamento	15114311	-0,833333333333339	3,81083562901744	-3,80319861810169	31,1416457377515	Sao Martinho ON NM	0,24		2,12285456187895	5,88328954701059	5,39416766109785	31,2878519542206	0	0,00	0	0,00	3	
Automóveis e Motocicletas
LEVE3	18,29	17:07:00	0,660429279031356	18,60	18,08	18,17	18,19	18,29	18,30	2445	100	18,3329056375025	1.600	1.500	494.900		9072955	0	0	0	0	0	Pré-Fechamento	9072955	1,44204104270659	7,90560471976401	-36,3245810094765	-23,9118225801755	Metal Leve ON NM	0,12		4,9942594718714	-1,82501341921632	-2,86776420605416	4,87385321100916	-100	0,00	0	0,00	3	
Bebidas
ABEV3	13,38	17:08:00	1,7490494296578	13,44	13,21	13,15	13,36	13,36	13,38	28296	800	13,3380382724772	4.000	1.200	19.956.900		266185896	0	0	0	0	0	Pré-Fechamento	266185896	0,82893745290129	6,69856459330145	-28,3342260310659	-26,7407289790242	Ambev S/A ON	0,23		5,35433070866143	-6,82451253481893	-5,24079320113313	15,2454780361757	-2800	0,00	0	0,00	3	
Comércio
LAME4	27,40	17:08:00	-0,363636363636369	27,90	27,31	27,50	27,73	27,50	27,51	19336	7.800	27,5904011524076	100	200	5.935.400		163760067	0	0	0	0	0	Pré-Fechamento	163760067	0,146198830409354	-3,48714336033815	5,80049270594413	30,9269532724571	Lojas Americ PN N1	-0,10		-6,58029321513808	-15,9251304081007	-22,4455137277102	19,0786614515428	100	0,00	0	0,00	3	
LREN3	41,53	17:11:08	-0,764635603345281	43,11	41,53	41,85	42,07	41,57	41,62	25083	300	42,1187829092311	200	2.900	7.262.400		305883449	0	0	0	0	0	Pré-Fechamento	305883449	2,97545251673693	4,74148802017655	-25,6962509974558	-18,5179807841344	Lojas Renner ON NM	-0,32		1,96415418610362	0,410782372383042	-2,6894544704741	6,87246843749518	2700	0,00	0	0,00	3	
MGLU3	26,04	17:11:08	1,36239782016348	26,14	25,65	25,69	25,80	26,04	26,06	64991	200	25,9577640011348	43.300	1.800	27.494.200		713687955	0	0	0	0	0	Pré-Fechamento	713687955	0,930232558139529	16,7713004484305	118,751837633045	142,6614481409	Magaz Luiza ON EB NM	0,35		13,3405875952122	44,229171513077	19,8597033886603	115,094620156447	-41500	0,00	0	0,00	3	
VVAR3	19,92	17:11:08	3,58814352574104	19,98	19,30	19,23	19,40	19,94	19,95	65584	200	19,6749607224553	49.800	6.000	46.120.500		907419026	0	0	0	0	0	Pré-Fechamento	907419026	2,83944243675788	14,8126801152738	78,3348254252462	154,081632653061	Viavarejo ON NM	0,69		11,4717403469502	24,577861163227	-5,90458195559754	202,276176024279	-43800	0,00	0	0,00	3	
Comércio e Distribuição
RADL3	26,20	17:11:08	3,59826018189008	26,34	25,50	25,29	25,53	26,11	26,13	20441	7.900	26,028030441246	1.300	100	5.919.600		154075529	0	0	0	0	0	Pré-Fechamento	154075529	1,11925897336935	11,8701964133219	17,8062851002028	27,0697331535604	Raiadrogasil ON NM	0,91		8,75882108758821	13,084576040745	13,1334067405056	21,0648158844432	-1200	0,00	0	0,00	3	
Construção Civil
CYRE3	26,73	17:11:08	3,52439969016267	26,75	25,64	25,82	26,01	26,80	26,87	23646	200	26,2184238249595	700	100	6.663.600		174709089	0	0	0	0	0	Pré-Fechamento	174709089	4,08878504672898	15,0172117039587	-9,08348809207975	7,68456037868868	Cyrela Realt ON NM	0,91		10	9,86210723166396	-3,69927369149181	72,8106130154256	-600	0,00	0	0,00	3	
GFSA3	4,48	17:06:00	0,900900900900902	4,51	4,40	4,44	4,46	4,48	4,49	3176	4.500	4,46475530017832	19.200	11.800	3.532.900		15773534	0	0	0	0	0	Pré-Fechamento	15773534	3,94431554524364	3,46420323325636	-42,8133775848864	-15,3902812139984	Gafisa ON NM	0,04		-1,32158590308369	-26,1091868711859	-18,4520450698072	29,4535787557431	-7400	0,00	0	0,00	3	
MRVE3	18,88	17:08:00	4,25179458862507	18,93	18,20	18,11	18,25	18,77	18,84	20183	800	18,5942249841113	1.000	1.300	7.080.500		131656410	0	0	0	0	0	Pré-Fechamento	131656410	3,85038503850385	19,6208626894419	-10,6868315112753	13,5304481686601	Mrv ON ED NM	0,77		15,0447870330875	2,70526092467374	-9,3832493400528	40,4887341131649	300	0,00	0	0,00	3	
Energia Elétrica
CESP6	28,50	17:07:00	1,24333925399645	28,67	28,19	28,15	28,23	28,50	28,65	7529	100	28,4257999368886	1.000	1.100	1.584.500		45040680	0	0	0	0	0	Pré-Fechamento	45040680	0,813583303855679	0,884955752212389	-3,76368412877432	2,83685384176836	Cesp PNB N1	0,35		1,17145899893503	-2,22984562607204	-6,12648221343873	7,54716981132075	100	0,00	0	0,00	3	
CMIG4	10,96	17:09:00	1,29390018484289	11,09	10,86	10,82	10,88	10,95	10,99	14145	2.100	11,0000869323705	300	3.600	7.201.000		79211626	0	0	0	0	0	Pré-Fechamento	79211626	0,458295142071501	8,51485148514853	-14,952393515896	-12,5920136535103	Cemig PN N1	0,14		6,71859785783838	4,99592853379318	0,756593765226105	16,5808620176148	3300	0,00	0	0,00	3	
Exploração de Imóveis
ALSO3	25,74	17:11:00	1,9002375296912	25,77	25,08	25,26	25,33	25,68	25,76	5038	800	25,5496190360273	100	6.400	821.600		20991567	0	0	0	0	0	Pré-Fechamento	20991567	2,71348762968875	8,51602023608769	-48,6637415237335	-34,8354430379747	Alianscsonae ON NM	0,48		3,70668815471393	-12,1801432958035	-16,2109375	-3,7397157816006	6300	0,00	0	0,00	3	
BRML3	9,46	17:11:08	1,50214592274679	9,55	9,24	9,32	9,39	9,46	9,48	33743	200	9,42844009313178	20.300	500	19.799.900		186682171	0	0	0	0	0	Pré-Fechamento	186682171	7,0135746606335	12,8878281622912	-47,6190476190476	-37,6400791034937	Br Malls Par ON NM	0,14		6,89265536723165	-8,95091434071222	-17,7391304347826	-6,79802955665024	-19800	0,00	0	0,00	3	
Índice
IBOV	100.539,83	17:23:00	1,9077892084395	100.721,83	98.663,89	98.657,65	98.663,89	0,00	0,00	1658536	0	99647,36			879.602.900		19621573251	100596	99054	0			Aberto	19621573251	2,26907737552732	6,27509291951302	-13,0619270953763	-3,99990871668744	Ibovespa	1.882,18		5,30099335431676	4,50778144593943	-3,72179938841118	27,3095052015404		0,00	0	0,00		
Intermediários Financeiros
BBAS3	32,01	17:09:00	4,60784313725489	32,04	30,92	30,60	30,92	32,00	32,01	38938	700	31,7298398376972	1.400	1.000	21.490.700		681896469	0	0	0	0	0	Pré-Fechamento	681896469	5,74826560951437	8,06887238352463	-37,7962257991174	-28,1863520416748	Brasil ON NM	1,41		7,45216515609264	-1,82005557702572	-8,07456270084459	11,9974808439173	-400	0,00	0	0,00	3	
BBDC4	21,50	17:11:08	4,31829209121786	21,70	20,80	20,61	20,80	21,54	21,56	74834	200	21,4836365877368	1.000	6.100	64.500.300		1385701005	0	0	0	0	0	Pré-Fechamento	1385701005	5,75504181013282	10,8596001835629	-34,022162415955	-28,3837034618985	Bradesco PN N1	0,89		10,3475176940962	1,92036937838056	-4,73109798517349	9,65974875166402	5100	0,00	0	0,00	3	
ITSA4	9,50	17:08:00	3,03687635574837	9,57	9,28	9,22	9,29	9,51	9,52	28717	2.000	9,48782820102914	11.000	600	28.586.900		271227596	0	0	0	0	0	Pré-Fechamento	271227596	4,74090407938258	7,95454545454545	-30,1455179158364	-24,5522773299448	Itausa PN N1	0,28		6,74157303370786	-2,96220633299284	-8,82917466410749	6,14762341057901	-10400	0,00	0	0,00	3	
ITUB4	24,29	17:07:00	3,98116438356164	24,40	23,50	23,36	23,52	24,31	24,33	54767	300	24,2184399940264	1.800	4.900	45.533.800		1102757603	0	0	0	0	0	Pré-Fechamento	1102757603	5,10601471224578	8,02757393818101	-32,2216455434825	-26,4320609623498	Itauunibanco PN N1	0,93		7,85968028419183	-6,58734218106442	-10,6936044267147	7,82233507044629	3100	0,00	0	0,00	3	
Material de Transporte
EMBR3	6,59	17:11:08	2,96874999999999	6,63	6,40	6,40	6,51	6,56	6,57	10940	15.000	6,515867004539	16.300	35.900	10.773.300		70197390	0	0	0	0	0	Pré-Fechamento	70197390	1,85471406491499	5,60897435897435	-66,5990876837304	-62,407301768397	Embraer ON NM	0,19		1,85471406491499	-18,641975308642	-20,7932692307692	-28,3695652173913	19600	0,00	0	0,00	3	
Mineração
BRAP4	48,38	17:07:00	0,477673935617869	48,58	47,69	48,15	48,29	48,29	48,48	12200	2.200	48,2381435313615	10.700	5.500	2.775.700		133894615	0	0	0	0	0	Pré-Fechamento	133894615	0,269430051813477	7,77456003564269	26,3845350052247	58,0038864122536	Bradespar PN N1	0,23		7,87068004459309	36,5124153498871	17,1996124031008	67,753120665742	-5200	0,00	0	0,00	3	
VALE3	61,84	17:11:08	-0,177562550443905	62,29	61,33	61,95	61,78	61,92	61,93	53964	2.000	61,8854140924532	300	700	25.169.500		1557624930	0	0	0	0	0	Pré-Fechamento	1557624930	-0,642673521850897	4,61850786668923	20,5594394687899	42,7325058048553	Vale ON NM	-0,11		5,06286102616379	17,8183037517433	5,68772217664753	51,3379113214658	400	0,00	0	0,00	3	
Moedas
DOLPT	5,5824	00:00:00	-0,344538265169508	5,5824	5,5824	5,6017	5,5824	0,0000	0,0000	0	0	5,5824			0		0	0	0	0			Fechado	0	-0,704375667022413	-1,02303150653358	38,517654648768	34,9383611312545	Dolar Ptax	-0,0193		-1,08266146894659	4,05994855161614	4,33612440191388	5,66523442675701		0,0000	0	0,0000		
Outros
DJI	0,00	00:00:00	0	0,00	0,00	0,00	0,00	0,00	0,00	0	0	0			0		0	0	0	0			NONE	0	0	0	0	0		0,00	29/10/2020	0	0	0	0		0,00	0	0,00		
DOLFUT	5.609,00	17:59:59	-0,0534568781183179	5.629,00	5.550,00	5.612,00	5.606,50	5.607,00	5.609,00	38092	20	5585,57897450542	20	15	315.165		88018949875	5587,742	5596,247	555226			Pré-Fechamento	88021118617,5615	-0,708089927420782	-0,0979606376346959	38,188346977049	34,2875475913668	Dolar Comercial Futuro	-3,00	30/10/2020	-0,699300699300699	5,24372161486155	4,93823899139315	4,99013468033024	-5	0,00	0	0,00		
FIBR3	0,00	00:00:00	0	0,00	0,00	0,00	0,00	0,00	0,00	0	0	0			0		0	0	0	0			NONE	0	0	0	0	0		0,00	29/10/2020	0	0	0	0		0,00	0	0,00		
INDFUT	100.940	18:01:25	2,11431461810824	100.965	99.125	98.850	99.235	100.840	100.940	26896	40	100437,977569862	15	20	161.390		16209685200	100662	98825	518674	0	0	Inibido	16209685200	2,29541423866228	5,79728008545954	-14,0314269897373	-6,19239833157409	Indice Bovespa	2.090	16/12/2020	5,57516132531029	4,36775001369995	-3,75447187960061	25,8830614451261	-15	0	0	0		
OGXP3	0,00	00:00:00	0	0,00	0,00	0,00	0,00	0,00	0,00	0	0	0			0		0	0	0	0			NONE	0	0	0	0	0		0,00	29/10/2020	0	0	0	0		0,00	0	0,00		
Petróleo, Gás e Biocombustíveis
CSAN3	70,27	17:14:26	-0,80463015245625	71,69	70,27	70,84	71,40	70,23	70,37	8468	1.100	70,9430935741233	1.300	2.100	1.616.900		114707888	0	0	0	0	0	Pré-Fechamento	114707888	2,46427529892097	2,83916288599444	3,15710355640243	26,4160413627099	Cosan ON NM	-0,57		-0,085312100099534	-6,23165198825727	-17,0855457227139	27,0427266366672	800	0,00	0	0,00	3	
PETR4	20,18	17:11:08	3,38114754098361	20,27	19,59	19,52	19,67	20,22	20,23	60502	6.000	19,9771334906666	165.300	1.400	68.008.500		1358614883	0	0	0	0	0	Pré-Fechamento	1358614883	4,39730988101398	2,90668026517083	-33,1331968163714	-25,6130107193937	Petrobras PN N2	0,66		1,6624685138539	-7,04573092088292	-11,2557444095077	26,5227559139043	-163900	0,00	0	0,00	1	
Siderurgia e Metalurgia
CSNA3	20,68	17:11:08	5,1881993896236	20,82	19,53	19,66	20,09	20,74	20,75	37255	2.200	20,3590126275699	4.800	1.000	21.635.200		440471310	0	0	0	0	0	Pré-Fechamento	440471310	5,88837685611878	25,3333333333333	46,7238993933804	58,6412697438573	Sid Nacional ON	1,02		25,0302297460701	95,2785646836638	74,2207245155855	182,822757111597	-3800	0,00	0	0,00	3	
GGBR4	23,00	17:08:00	1,0989010989011	23,20	22,73	22,75	22,95	22,95	22,99	19147	400	23,0167344419832	2.100	3.300	9.074.100		208856150	0	0	0	0	0	Pré-Fechamento	208856150	0,788781770376861	10,5769230769231	15,2039109223325	75,5416987857094	Gerdau PN N1	0,25		10,8433734939759	48,578811369509	41,0177805027591	94,0928270042194	1200	0,00	0	0,00	3	
GOAU4	10,24	17:07:00	0,886699507389161	10,34	10,12	10,15	10,21	10,25	10,26	12596	6.000	10,2467160736696	9.700	18.300	8.844.900		90631179	0	0	0	0	0	Pré-Fechamento	90631179	0,490677134445542	8,93617021276595	10,6225760800285	67,3941117813414	Gerdau Met PN N1	0,09		9,40170940170941	44,8373408769448	33,3333333333333	96,9230769230769	8600	0,00	0	0,00	3	
USIM5	11,52	17:07:00	2,58236865538735	11,60	11,15	11,23	11,31	11,51	11,54	15110	100	11,4644359707658	3.800	1.100	17.937.900		205647906	0	0	0	0	0	Pré-Fechamento	205647906	1,76678445229681	14,8554336989033	22,2631416957643	53,39343018069	Usiminas PNA N1	0,29		14,3992055610725	56,9482288828338	54,4235924932976	148,978797899241	-2700	0,00	0	0,00	3	
Telecomunicações
OIBR4	2,35	17:07:00	3,52422907488987	2,35	2,27	2,27	2,29	2,34	2,35	2606	100	2,3135592065918	244.900	7.300	6.019.600		13926701	0	0	0	0	0	Pré-Fechamento	13926701	4,44444444444445	-2,89256198347107	91,0569105691057	67,8571428571429	Oi PN N1	0,08		-3,68852459016393	55,6291390728477	46,875	121,698113207547	-237600	0,00	0	0,00	3	
TIMP3	13,46	00:00:00	0	0,00	0,00	13,46	0,00	0,00	0,00	0	0	0			0		0	0	0	0			Pré-Fechamento	0	0	3,06278713629403	-13,6520807539084	17,1494220860605	Tim Part S/A ON NM	0,00		2,98393267023719	-6,97995853489979	-19,8809523809524	4,99219968798752		0,00	0	0,00	3	
VIVT4	42,93	17:09:00	-0,4637143519592	43,34	42,93	43,13	43,31	43,02	43,04	11150	500	43,1077579960263	100	1.100	2.566.900		110653304	0	0	0	0	0	Pré-Fechamento	110653304	-1,42365097588978	-1,12851220635652	-21,0915213363527	-16,6038556875665	Telef Brasil PN	-0,20		-1,31034482758621	-10,0213157050845	-19,000611316141	-7,15649742317649	1000	0,00	0	0,00	3	
Transporte
